0 0.01142134375 0.0027193671874999998 0 0.0021754921875
0 0.189811840625 0 0.17458338281250002 0.0081581015625
0 0.432923278125 0.0630893203125 0.4508711015625 0.054387346875
0 0 0.2436553125 0.016316203125 0.24800629999999999
0 0.358956484375 0.2567082734375 0.3937643875 0.2567082734375
0 0.632524840625 0.2800948328125 0.6428584328125 0.29804265625
0 0.7592473546875 0.0848442609375 0.751633125 0.0641770703125
0 1 0.242023690625 0.9822354765625001 0.24909404687499997
0 0.9539540546874999 0.17512725468749998 0.9517785625 0.11693279375000001
0 0.7723003203125 0.58683946875 0.8658465546875 0.5830323515625
0 0.49492485156250005 0.6890876796875001 0.50253908125 0.6967019062500001
0 0.197969940625 0.916970659375 0.1707762703125 0.9088125578125
0 0.44597624218750004 0.9621121562500001 0.4796963953125 0.95776116875
0 0.5487683234375 0.9735334999999999 0.487854496875 0.9653753984375
0 0.7222639609375 1 0.74075565625 0.994744565625
0 0.9800599812499999 0.972989625 0.9860425890625001 0.9713580078125