0 0.0061794921875 0.21164762812500001 0.0486635046875 0.2155098078125
0 0.1259071640625 0.0872853359375 0.07878853125 0.066429546875
0 0 0.47776324218750005 0.012049515625 0.477160765625
0 0 0.6289846453125 0.0114470390625 0.635009403125
0 0 0.9187754640625 0.0747069875 0.9223903203124999
0 0.0421733015625 0.9290175515625 0.0409683484375 0.951309153125
0 0.2295432453125 0.7681565359375 0.3036477625 0.736827796875
0 0.25424475 0.9585388640625 0.2012268875 0.9302225046875
0 0.4276304015625 0.9366013984375 0.395252109375 0.97253340625
0 0.2858766484375 0.981220265625 0.2945635078125 0.989907128125
0 0.6779698984375 0.8244619375 0.71982476875 0.8434150859375
0 0.6014124765625 0.8090625078125001 0.579300471875 0.8114316484374999
0 0.8658529890625 1 0.8759670671875 0.9612771125
0 0.8359505 0.53340765625 0.918182346875 0.4806385546875
0 0.95863865625 0.5057038796875 0.9863424343749999 0.5219743515624999
0 0.8526607140625 0.5769421640625 0.8394684375000001 0.554515296875
0 0.6046459421875 0.4955898 0.608603625 0.447218125
0 0.32189151250000003 0.5254922921875 0.289790309375 0.5149384734375
0 0.336403015625 0.2977056765625 0.34211966718750003 0.33552353125
0 0.7093046562499999 0.1209291875 0.7000700671875 0.12356764375
0 1 0.0426550234375 0.9335733359375 0.044853734374999996